TSP Name: lin105
Optimal tour: [1, 2, 6, 7, 10, 11, 15, 103, 21, 22, 29, 30, 31, 32, 28, 23, 20, 19, 24, 27, 26, 25, 18, 16, 12, 3, 8, 33, 36, 41, 43, 46, 52, 53, 54, 51, 47, 44, 45, 48, 50, 55, 49, 40, 104, 1, 4, 5, 13, 14, 34, 35, 38, 39, 42, 37, 17, 9, 4, 56, 59, 105, 57, 58, 62, 69, 74, 75, 81, 80, 76, 73, 72, 77, 79, 84, 83, 82, 78, 71, 68, 67, 64, 86, 85, 91, 92, 96, 97, 101, 102, 93, 98, 89, 56, 60, 61, 65, 66, 87, 88, 94, 95, 100, 99, 90, 70, 63, 60]
Tour cost: 15904.528084972955
Difference from optimal: 10.61%
Execution time: 0.0 seconds

TSP Name: tsp225
Optimal tour: [1, 200, 3, 198, 4, 197, 5, 6, 7, 8, 9, 40, 41, 42, 43, 44, 46, 194, 218, 193, 196, 192, 191, 199, 224, 133, 190, 225, 47, 2, 207, 49, 51, 57, 56, 55, 52, 53, 54, 70, 58, 59, 27, 189, 205, 50, 48, 45, 195, 1, 10, 11, 12, 13, 14, 15, 16, 17, 20, 203, 19, 18, 22, 21, 23, 24, 208, 25, 26, 34, 33, 35, 30, 202, 206, 31, 216, 219, 217, 77, 78, 79, 80, 81, 95, 209, 96, 97, 98, 99, 100, 73, 72, 71, 74, 75, 76, 32, 29, 28, 204, 36, 37, 38, 39, 10, 60, 61, 62, 63, 64, 112, 111, 113, 114, 115, 223, 116, 117, 187, 118, 119, 186, 185, 120, 175, 121, 122, 123, 124, 169, 168, 125, 109, 108, 110, 65, 66, 67, 68, 69, 188, 184, 182, 173, 181, 174, 180, 179, 176, 177, 178, 172, 171, 170, 60, 82, 83, 84, 85, 86, 210, 87, 90, 91, 92, 93, 94, 221, 101, 102, 103, 104, 220, 105, 106, 107, 88, 89, 130, 211, 131, 222, 129, 128, 127, 126, 167, 166, 165, 164, 215, 134, 135, 183, 136, 137, 138, 139, 140, 141, 142, 201, 143, 144, 157, 156, 155, 154, 153, 148, 147, 146, 145, 149, 152, 151, 150, 212, 214, 213, 158, 163, 162, 161, 160, 159, 132, 82]
Tour cost: 4461.025766025268
Difference from optimal: 13.83%
Execution time: 0.005552530288696289 seconds

TSP Name: pr1002
Optimal tour: [1, 2, 5, 3, 4, 6, 7, 9, 8, 10, 14, 13, 16, 17, 22, 23, 24, 25, 31, 30, 29, 26, 27, 28, 332, 333, 334, 328, 327, 329, 330, 331, 314, 315, 316, 325, 324, 326, 319, 318, 317, 320, 322, 321, 323, 294, 293, 295, 296, 289, 290, 291, 292, 402, 403, 404, 287, 288, 286, 285, 284, 299, 300, 298, 297, 991, 305, 306, 307, 308, 309, 310, 311, 312, 45, 44, 43, 42, 41, 50, 40, 39, 38, 37, 36, 35, 34, 33, 32, 62, 64, 63, 65, 61, 60, 59, 58, 57, 55, 56, 67, 66, 68, 69, 70, 71, 73, 72, 54, 53, 52, 51, 49, 48, 47, 46, 313, 84, 83, 82, 78, 79, 80, 81, 88, 89, 87, 86, 85, 90, 92, 91, 98, 97, 96, 95, 94, 93, 77, 99, 133, 134, 135, 136, 138, 137, 132, 130, 129, 128, 127, 125, 124, 123, 119, 117, 116, 118, 106, 105, 104, 103, 102, 101, 100, 994, 107, 108, 109, 110, 111, 113, 112, 114, 115, 303, 302, 304, 301, 283, 282, 281, 280, 278, 279, 277, 464, 463, 462, 424, 423, 422, 421, 405, 406, 407, 410, 408, 409, 382, 383, 384, 395, 396, 397, 398, 399, 401, 400, 340, 339, 338, 342, 337, 336, 335, 20, 19, 18, 21, 15, 11, 12, 74, 75, 76, 466, 465, 1, 120, 121, 257, 256, 255, 254, 253, 249, 250, 247, 248, 260, 261, 262, 266, 265, 267, 268, 269, 271, 270, 272, 273, 274, 275, 276, 467, 468, 469, 470, 493, 494, 495, 496, 497, 225, 226, 227, 228, 229, 231, 264, 263, 246, 245, 244, 243, 242, 241, 240, 238, 239, 189, 192, 190, 191, 237, 236, 235, 234, 233, 221, 220, 219, 218, 217, 212, 216, 215, 214, 213, 211, 209, 208, 207, 206, 205, 204, 203, 201, 198, 199, 200, 197, 194, 193, 188, 187, 195, 196, 202, 996, 182, 183, 184, 185, 159, 158, 162, 163, 164, 156, 155, 165, 166, 167, 168, 169, 161, 160, 172, 171, 170, 173, 174, 179, 180, 181, 178, 175, 177, 176, 157, 154, 153, 151, 152, 150, 149, 144, 143, 148, 146, 147, 145, 131, 130, 127, 125, 123, 122, 126, 258, 259, 252, 251, 995, 142, 141, 140, 139, 186, 232, 230, 223, 222, 224, 499, 498, 500, 489, 488, 490, 491, 492, 508, 507, 502, 501, 503, 506, 505, 504, 210, 120, 341, 344, 345, 350, 351, 352, 353, 359, 358, 357, 354, 355, 356, 660, 661, 662, 656, 655, 657, 658, 659, 642, 643, 644, 653, 652, 654, 647, 646, 645, 648, 650, 649, 651, 622, 621, 623, 624, 617, 618, 619, 620, 730, 731, 732, 615, 616, 614, 613, 612, 627, 628, 626, 625, 992, 633, 634, 635, 636, 637, 638, 639, 640, 373, 372, 371, 370, 369, 378, 368, 367, 366, 365, 364, 363, 362, 361, 360, 390, 392, 391, 393, 389, 388, 387, 386, 385, 381, 380, 379, 377, 376, 375, 374, 641, 412, 411, 410, 416, 417, 415, 414, 413, 418, 420, 419, 426, 425, 427, 461, 428, 429, 430, 431, 432, 433, 434, 446, 444, 445, 447, 443, 442, 441, 439, 438, 440, 632, 631, 630, 629, 611, 610, 609, 608, 606, 607, 605, 451, 452, 453, 455, 456, 457, 458, 460, 997, 435, 436, 437, 409, 394, 349, 346, 347, 348, 343, 663, 665, 664, 666, 670, 669, 672, 673, 678, 679, 680, 681, 687, 686, 685, 682, 683, 684, 988, 989, 990, 984, 983, 985, 986, 987, 970, 971, 972, 981, 980, 982, 975, 974, 973, 976, 978, 977, 979, 950, 949, 951, 952, 945, 946, 947, 948, 944, 943, 942, 941, 940, 955, 956, 954, 953, 993, 961, 962, 963, 964, 965, 966, 967, 968, 701, 700, 699, 698, 697, 706, 696, 695, 694, 693, 692, 691, 690, 689, 688, 718, 720, 719, 721, 717, 716, 715, 714, 713, 711, 712, 723, 722, 724, 725, 726, 727, 729, 728, 710, 709, 708, 707, 705, 704, 703, 702, 969, 740, 739, 738, 734, 735, 736, 737, 744, 745, 743, 742, 741, 746, 748, 747, 754, 753, 752, 751, 750, 749, 733, 755, 789, 790, 791, 792, 794, 793, 788, 786, 785, 784, 783, 781, 780, 779, 775, 773, 772, 774, 762, 761, 760, 759, 758, 757, 756, 1000, 763, 764, 765, 766, 767, 769, 768, 770, 771, 959, 958, 960, 957, 939, 938, 937, 936, 934, 935, 933, 677, 674, 675, 676, 671, 667, 668, 341, 448, 449, 585, 584, 583, 582, 581, 577, 578, 575, 576, 588, 589, 590, 594, 593, 595, 596, 597, 599, 598, 600, 601, 602, 603, 604, 795, 796, 797, 798, 799, 800, 804, 802, 803, 801, 787, 786, 783, 781, 779, 778, 776, 777, 913, 912, 911, 910, 909, 905, 906, 903, 904, 916, 917, 918, 922, 921, 923, 924, 925, 927, 926, 928, 929, 930, 931, 932, 914, 915, 908, 907, 899, 900, 901, 902, 919, 920, 887, 888, 886, 884, 885, 883, 882, 881, 880, 879, 878, 876, 875, 874, 873, 868, 872, 871, 870, 869, 867, 865, 864, 863, 862, 861, 860, 859, 857, 854, 855, 856, 853, 850, 849, 848, 845, 844, 895, 894, 896, 897, 898, 842, 843, 851, 852, 858, 1002, 838, 839, 840, 841, 815, 814, 818, 819, 820, 812, 811, 821, 822, 823, 824, 825, 553, 554, 555, 556, 557, 559, 592, 591, 574, 573, 572, 571, 570, 569, 568, 566, 567, 517, 520, 518, 519, 565, 564, 563, 562, 561, 549, 548, 547, 546, 545, 540, 544, 543, 542, 541, 539, 537, 536, 535, 534, 533, 532, 531, 529, 526, 527, 528, 525, 522, 521, 516, 515, 523, 524, 530, 999, 510, 511, 512, 513, 487, 486, 490, 485, 484, 492, 483, 482, 481, 479, 480, 478, 477, 472, 471, 476, 474, 475, 473, 459, 458, 455, 453, 451, 450, 454, 586, 587, 580, 579, 998, 514, 560, 558, 551, 550, 552, 827, 826, 828, 817, 816, 813, 810, 809, 807, 808, 806, 805, 1001, 782, 889, 890, 891, 877, 892, 893, 846, 847, 866, 837, 836, 835, 830, 829, 831, 834, 833, 832, 538, 509, 448]
Tour cost: 322533.28388733114
Difference from optimal: 24.51%
Execution time: 0.028474807739257812 seconds

TSP Name: pr2392
Optimal tour: [1, 2392, 2391, 2390, 2389, 2388, 2387, 2, 3, 4, 5, 6, 7, 8, 9, 10, 11, 12, 13, 14, 15, 16, 17, 18, 19, 1297, 1298, 1299, 1300, 1301, 1302, 1303, 1304, 1305, 1307, 1306, 1308, 1309, 2323, 2322, 2321, 2318, 2317, 2316, 2315, 2314, 2313, 2312, 2309, 2310, 2311, 1313, 1314, 1312, 1311, 1310, 2320, 2319, 2324, 2325, 2332, 2333, 2334, 2335, 2336, 2337, 2338, 2339, 2340, 2341, 2342, 2343, 2344, 2345, 2347, 2346, 2367, 2366, 2368, 2369, 2370, 2371, 2372, 2375, 2374, 2373, 2376, 2377, 2378, 2379, 2380, 2381, 2382, 2383, 2384, 2385, 2386, 2329, 2330, 2331, 2326, 2327, 2328, 20, 21, 22, 23, 24, 25, 26, 27, 28, 29, 30, 31, 32, 33, 34, 35, 36, 37, 38, 39, 40, 41, 42, 43, 44, 45, 46, 47, 48, 49, 1269, 1270, 1271, 1272, 1273, 1274, 1275, 1276, 1277, 1278, 1279, 1375, 1374, 1361, 1362, 1363, 1364, 1365, 1366, 1367, 1368, 1370, 1369, 1381, 1380, 1379, 1378, 1377, 1376, 1373, 1372, 1371, 1360, 1359, 1358, 1357, 1356, 1355, 1354, 1349, 1348, 1345, 1346, 1347, 1350, 1351, 1352, 1353, 1287, 1286, 1288, 1289, 1290, 1291, 1292, 1293, 1294, 1295, 1296, 1283, 1284, 1285, 1280, 1281, 1282, 50, 51, 52, 53, 54, 1382, 1383, 1384, 1385, 1386, 1388, 1389, 1387, 1390, 1391, 1392, 1393, 1394, 1395, 1396, 1397, 1398, 1399, 1400, 1401, 1402, 1406, 1405, 1404, 1403, 1407, 1408, 1410, 1411, 1412, 1413, 1414, 1415, 1416, 1417, 1418, 1419, 1420, 1421, 1422, 1423, 1424, 1425, 1426, 1427, 1428, 1429, 1430, 1431, 1432, 1434, 1435, 1433, 1436, 1437, 1438, 1439, 1440, 1441, 1442, 1443, 1444, 1447, 1446, 1445, 1461, 1462, 1463, 1464, 1465, 1466, 1467, 1469, 1471, 1470, 1472, 1473, 1474, 1475, 1476, 1477, 1478, 1481, 1479, 1480, 1540, 1541, 1542, 1538, 1537, 1536, 1539, 1534, 1535, 1533, 1532, 1531, 1530, 1529, 1528, 1527, 1526, 1525, 1524, 1523, 1522, 1521, 1519, 1520, 1518, 1517, 1516, 1515, 1514, 1513, 1512, 1509, 1508, 1510, 1511, 1503, 1502, 1501, 1500, 1499, 1497, 1498, 1496, 1495, 1494, 1493, 1492, 1491, 1490, 1487, 1488, 1489, 1486, 1484, 1485, 1483, 1482, 1468, 1460, 1459, 1458, 1457, 1456, 1455, 1552, 1551, 1553, 1554, 1555, 1454, 1453, 1450, 1451, 1452, 1449, 1448, 1550, 1548, 1549, 1547, 1546, 1545, 1544, 1543, 2215, 2214, 2216, 2212, 2211, 2210, 2209, 2208, 2232, 2231, 2230, 2225, 2224, 2223, 2222, 2221, 2220, 2219, 2218, 2217, 2213, 2206, 2205, 2207, 2204, 2203, 2202, 2201, 2200, 2199, 2198, 2197, 2194, 2193, 2192, 2191, 2190, 2189, 2188, 2187, 2186, 2185, 2184, 2183, 2182, 2179, 2181, 2180, 2149, 2150, 2148, 2147, 2146, 2145, 2144, 2143, 2142, 2141, 2140, 2139, 2138, 2137, 2136, 2195, 2196, 2241, 2242, 2240, 2239, 2238, 2237, 2236, 2235, 2234, 2245, 2243, 2244, 2246, 2247, 2248, 2249, 2253, 2252, 2228, 2227, 2229, 2226, 2251, 2250, 2233, 2254, 2255, 2259, 2257, 2256, 2258, 2261, 2260, 2262, 2264, 2263, 2266, 2265, 2267, 2268, 2269, 2270, 2271, 2272, 2273, 2275, 2274, 2276, 2277, 2278, 2279, 2280, 2281, 2282, 2283, 2284, 2285, 2289, 2288, 2287, 2286, 2290, 2291, 2292, 2294, 2293, 2295, 2296, 2297, 2298, 2299, 2300, 2301, 2302, 2303, 2304, 2305, 2306, 2307, 2308, 1324, 1322, 1321, 1320, 1318, 1319, 1317, 1315, 1316, 1340, 1341, 1339, 1323, 1338, 1337, 1336, 1335, 1334, 1333, 1332, 1331, 1330, 1329, 1328, 1327, 1326, 1325, 1342, 1344, 1343, 1409, 1506, 1507, 1505, 1504, 2169, 2168, 2167, 2166, 2158, 2157, 2160, 2159, 2161, 2164, 2162, 2163, 2165, 2170, 2171, 2172, 2173, 2174, 2175, 2176, 2177, 2178, 2152, 2151, 2153, 2154, 2155, 2156, 2356, 2355, 2354, 2353, 2351, 2352, 2348, 2349, 2350, 2363, 2364, 2362, 2361, 2360, 2359, 2358, 2357, 2365, 1, 862, 863, 864, 865, 868, 867, 1686, 1687, 1688, 1691, 1692, 1693, 1694, 1695, 1696, 1697, 1699, 1698, 1700, 1701, 1702, 1703, 1704, 1706, 1707, 1705, 1708, 1709, 1710, 1711, 1712, 1713, 1714, 1715, 1716, 1717, 1718, 1719, 1720, 1724, 1723, 1722, 1721, 1725, 1726, 1728, 1729, 1730, 1731, 1732, 1733, 1734, 1735, 1736, 1737, 1738, 1739, 1740, 1741, 1742, 1743, 1744, 1745, 1746, 1747, 1748, 1749, 1750, 1752, 1753, 1751, 1754, 1755, 1756, 1757, 1760, 1761, 1762, 1763, 1764, 1766, 1774, 1773, 1772, 1771, 1770, 1769, 1767, 1768, 1821, 1819, 1820, 1818, 1817, 1810, 1811, 1812, 1815, 1816, 1814, 1813, 1871, 1872, 1873, 1870, 1869, 1868, 1867, 1866, 1865, 1864, 1863, 1862, 1861, 1859, 1860, 1858, 1857, 1856, 1855, 1854, 1853, 1852, 1849, 1848, 1850, 1851, 1843, 1842, 1841, 1840, 1839, 1837, 1838, 1836, 1835, 1834, 1833, 1832, 1831, 1830, 1827, 1828, 1829, 1826, 1824, 1825, 1823, 1822, 1765, 1775, 1776, 1777, 1778, 1779, 1784, 1783, 1780, 1782, 1781, 1758, 1759, 1785, 1786, 1787, 1788, 1789, 1790, 1798, 1797, 1796, 1799, 1800, 1801, 1802, 1804, 1803, 1805, 1806, 1807, 1808, 1809, 1795, 1794, 1793, 1792, 1791, 1844, 1845, 1847, 1846, 1653, 1654, 1655, 1656, 1658, 1657, 1661, 1660, 1659, 1727, 1665, 1664, 1662, 1663, 1669, 1668, 1671, 1670, 1672, 1673, 1674, 1675, 1676, 1677, 1684, 1685, 866, 1689, 1690, 869, 870, 871, 872, 873, 874, 875, 876, 877, 878, 879, 1561, 1562, 1563, 1564, 1565, 1566, 1567, 1568, 1569, 1570, 1571, 1572, 1573, 1574, 1575, 1576, 1577, 1578, 1579, 1623, 1624, 1625, 1626, 1627, 1628, 1629, 1630, 1631, 1633, 1632, 1634, 1635, 1636, 1637, 1638, 1639, 1640, 1641, 1643, 1642, 1644, 1645, 1647, 1648, 1649, 1650, 1651, 1652, 2042, 2040, 2041, 2043, 2044, 2045, 2046, 2047, 2048, 2049, 2050, 2051, 2052, 2053, 2054, 2055, 2068, 2067, 2066, 2065, 2064, 2063, 2062, 2061, 2059, 2060, 2036, 2035, 2034, 2033, 2032, 2031, 2030, 2029, 2026, 2025, 2027, 2022, 2023, 2024, 2028, 2021, 2019, 2018, 2017, 2016, 2015, 2014, 2013, 2012, 2039, 2038, 2037, 2058, 2057, 2056, 2069, 2070, 2071, 2072, 2075, 2076, 2077, 2078, 2079, 2080, 2081, 2082, 2083, 2084, 2085, 2086, 2088, 2087, 2108, 2107, 2109, 2110, 2111, 2112, 2113, 2116, 2115, 2114, 2117, 2118, 2119, 2120, 2121, 2122, 2123, 2124, 2125, 2126, 2127, 2128, 2129, 1607, 1606, 1605, 1604, 1603, 1602, 1601, 1600, 1599, 1598, 1597, 1596, 1595, 1594, 1593, 1592, 1591, 1622, 1621, 1620, 1619, 1618, 1617, 1616, 1615, 1614, 1613, 1612, 1611, 1610, 1609, 1608, 2073, 2074, 2106, 2105, 2103, 2102, 2101, 2100, 2099, 2098, 2097, 2096, 2095, 2094, 2092, 2093, 2089, 2090, 2091, 2020, 2104, 1922, 1923, 1924, 1925, 1926, 1927, 1928, 1929, 1930, 1931, 1932, 1933, 1934, 1935, 1936, 1937, 1938, 1939, 1942, 1941, 1940, 1910, 1909, 1908, 1907, 1906, 1905, 1904, 1903, 1902, 1901, 1900, 1899, 1898, 1897, 1896, 1895, 1894, 1893, 1892, 1891, 1887, 1888, 1889, 1950, 1949, 1948, 1947, 1946, 1945, 1944, 1943, 1961, 1962, 1960, 1959, 1957, 1956, 1955, 1954, 1953, 1951, 1952, 1958, 1969, 1970, 1983, 1984, 1985, 1982, 1981, 1980, 1979, 1978, 1977, 1974, 1877, 1878, 1973, 1972, 1971, 1880, 1881, 1879, 1882, 1883, 1884, 1885, 1886, 1890, 1963, 1964, 1965, 1966, 1991, 1990, 1989, 1988, 1987, 1986, 1968, 1967, 1992, 1993, 1997, 1995, 1994, 1996, 1999, 1998, 2000, 2002, 2001, 2004, 2003, 2005, 2006, 2007, 2008, 2009, 2010, 2011, 1919, 1918, 1917, 1920, 1921, 1916, 1915, 1914, 1913, 1912, 1911, 1976, 1975, 1876, 1874, 1875, 1646, 1667, 1666, 1678, 1679, 1680, 1681, 1682, 1683, 1560, 1559, 1558, 1557, 1556, 1585, 1584, 1583, 1582, 1581, 1580, 1590, 1589, 1588, 1587, 1586, 2135, 2134, 2133, 2132, 2131, 2130, 862, 55, 56, 57, 58, 59, 60, 61, 62, 63, 64, 65, 66, 67, 68, 69, 70, 71, 72, 73, 74, 75, 76, 77, 78, 79, 143, 144, 145, 146, 147, 148, 149, 150, 151, 153, 152, 154, 155, 1205, 1204, 1203, 1200, 1199, 1198, 1197, 1196, 1195, 1194, 1191, 1192, 1193, 159, 160, 158, 157, 156, 1202, 1201, 1206, 1207, 1214, 1215, 1216, 1217, 1218, 1219, 1220, 1221, 1222, 1223, 1224, 1225, 1226, 1227, 1229, 1228, 1249, 1248, 1250, 1251, 1252, 1253, 1254, 1257, 1256, 1255, 1258, 1259, 1260, 1261, 1262, 1263, 1264, 1265, 1266, 1267, 1268, 1211, 1212, 1213, 1208, 1209, 1210, 80, 81, 82, 83, 84, 85, 86, 87, 88, 89, 90, 91, 92, 93, 94, 95, 96, 97, 98, 99, 100, 101, 102, 103, 104, 105, 106, 107, 108, 114, 115, 116, 117, 118, 119, 120, 121, 122, 123, 124, 125, 221, 220, 207, 208, 209, 210, 211, 212, 213, 214, 216, 215, 227, 226, 225, 224, 223, 222, 219, 218, 217, 206, 205, 204, 203, 202, 201, 200, 195, 194, 191, 192, 193, 196, 197, 198, 199, 133, 132, 134, 135, 136, 137, 138, 139, 140, 141, 142, 129, 130, 131, 126, 127, 128, 113, 112, 111, 110, 109, 228, 229, 230, 231, 232, 234, 235, 233, 236, 237, 238, 239, 240, 241, 242, 243, 244, 245, 246, 249, 248, 253, 252, 251, 250, 247, 254, 256, 257, 258, 259, 260, 261, 262, 263, 264, 265, 266, 267, 268, 269, 270, 271, 272, 273, 274, 275, 276, 277, 278, 280, 281, 279, 282, 283, 284, 285, 286, 287, 288, 289, 290, 293, 292, 291, 307, 308, 309, 310, 311, 312, 313, 315, 316, 317, 318, 319, 320, 321, 322, 323, 324, 327, 325, 326, 386, 387, 388, 384, 383, 382, 385, 380, 381, 379, 378, 377, 376, 375, 374, 373, 372, 371, 370, 369, 368, 367, 365, 366, 364, 363, 362, 361, 360, 359, 358, 355, 354, 356, 357, 349, 348, 347, 346, 345, 343, 344, 342, 341, 340, 339, 338, 337, 336, 333, 334, 335, 332, 330, 331, 329, 328, 314, 306, 305, 304, 303, 302, 301, 398, 397, 399, 400, 401, 300, 299, 296, 297, 298, 295, 294, 396, 394, 395, 393, 392, 391, 390, 389, 1097, 1096, 1098, 1094, 1093, 1092, 1091, 1090, 1114, 1113, 1112, 1107, 1106, 1105, 1104, 1103, 1102, 1101, 1100, 1099, 1095, 1088, 1087, 1089, 1086, 1085, 1084, 1083, 1082, 1081, 1080, 1079, 1076, 1075, 1074, 1073, 1072, 1071, 1070, 1069, 1068, 1067, 1066, 1065, 1064, 1061, 1063, 1062, 1031, 1032, 1030, 1029, 1028, 1027, 1026, 1025, 1024, 1023, 1022, 1021, 1020, 1019, 1018, 1077, 1078, 1123, 1124, 1122, 1121, 1120, 1119, 1118, 1117, 1116, 1127, 1125, 1126, 1128, 1129, 1130, 1131, 1135, 1134, 1110, 1109, 1111, 1108, 1133, 1132, 1115, 1136, 1137, 1141, 1139, 1138, 1140, 1143, 1142, 1144, 1146, 1145, 1148, 1147, 1149, 1150, 1151, 1152, 1153, 1154, 1155, 1157, 1156, 1158, 1159, 1160, 1161, 1162, 1163, 1164, 1165, 1166, 1167, 1171, 1170, 1169, 1168, 1172, 1173, 1174, 1176, 1175, 1177, 1178, 1179, 1180, 1181, 1182, 1183, 1184, 1185, 1186, 1187, 1188, 1189, 1190, 170, 168, 167, 166, 164, 165, 163, 161, 162, 186, 187, 185, 169, 184, 183, 182, 181, 180, 179, 178, 177, 176, 175, 174, 173, 172, 171, 188, 190, 189, 255, 352, 353, 351, 350, 1051, 1050, 1049, 1048, 1040, 1039, 1042, 1041, 1043, 1046, 1044, 1045, 1047, 1052, 1053, 1054, 1055, 1056, 1057, 1058, 1059, 1060, 1034, 1033, 1035, 1036, 1037, 1038, 1238, 1237, 1236, 1235, 1233, 1234, 1230, 1231, 1232, 1245, 1246, 1244, 1243, 1242, 1241, 1240, 1239, 1247, 55, 402, 403, 404, 405, 406, 408, 409, 410, 411, 412, 413, 414, 415, 416, 417, 418, 419, 440, 439, 426, 427, 428, 429, 430, 431, 432, 433, 435, 434, 446, 445, 444, 443, 442, 441, 438, 437, 436, 425, 424, 423, 422, 960, 959, 958, 957, 956, 953, 954, 955, 921, 920, 919, 922, 916, 918, 917, 915, 914, 913, 912, 911, 910, 909, 908, 981, 980, 979, 978, 977, 976, 975, 974, 973, 972, 971, 970, 969, 968, 967, 966, 965, 407, 964, 420, 421, 961, 962, 963, 982, 983, 984, 985, 986, 987, 988, 989, 990, 991, 992, 993, 907, 906, 905, 904, 903, 902, 901, 900, 899, 898, 897, 801, 800, 803, 814, 815, 816, 817, 818, 819, 820, 821, 822, 827, 828, 829, 830, 831, 832, 833, 834, 835, 837, 836, 857, 856, 858, 859, 860, 861, 855, 854, 852, 851, 850, 849, 848, 847, 846, 845, 844, 843, 841, 842, 838, 839, 840, 767, 766, 765, 764, 763, 762, 761, 760, 759, 778, 779, 780, 781, 782, 783, 784, 785, 786, 787, 788, 789, 790, 791, 792, 793, 794, 795, 796, 797, 798, 799, 804, 805, 812, 811, 810, 813, 802, 896, 895, 894, 996, 995, 994, 997, 998, 999, 1000, 1001, 1002, 1003, 1004, 1005, 1006, 1007, 1008, 1009, 1010, 1011, 880, 881, 882, 883, 884, 885, 886, 887, 888, 889, 890, 824, 823, 826, 825, 891, 892, 893, 1012, 1013, 1014, 1015, 1016, 1017, 853, 770, 769, 774, 773, 772, 771, 775, 768, 776, 777, 809, 808, 806, 807, 930, 929, 928, 926, 927, 925, 923, 924, 931, 947, 949, 948, 950, 952, 951, 469, 470, 471, 466, 467, 468, 472, 465, 464, 462, 463, 461, 460, 459, 458, 457, 456, 455, 454, 453, 452, 451, 450, 449, 448, 447, 482, 481, 480, 479, 478, 477, 476, 475, 473, 474, 944, 945, 946, 942, 943, 941, 940, 939, 938, 937, 936, 935, 934, 933, 932, 752, 753, 754, 755, 756, 757, 758, 748, 749, 746, 745, 747, 744, 742, 741, 743, 740, 739, 738, 737, 713, 712, 711, 710, 709, 707, 706, 704, 703, 702, 701, 700, 698, 699, 694, 693, 692, 691, 690, 689, 686, 688, 687, 656, 657, 655, 654, 653, 652, 651, 650, 649, 648, 647, 646, 645, 644, 643, 642, 641, 640, 639, 638, 634, 635, 636, 697, 696, 695, 708, 705, 716, 717, 730, 731, 732, 729, 728, 727, 726, 725, 724, 721, 624, 625, 720, 719, 718, 627, 628, 626, 629, 630, 631, 632, 633, 637, 682, 681, 680, 679, 677, 678, 674, 673, 675, 676, 672, 671, 669, 670, 666, 665, 664, 667, 668, 663, 662, 661, 660, 659, 658, 685, 684, 683, 714, 715, 734, 733, 735, 736, 605, 604, 603, 602, 601, 600, 599, 596, 595, 597, 598, 590, 589, 588, 587, 586, 584, 585, 583, 582, 581, 580, 579, 578, 577, 574, 575, 576, 607, 606, 608, 609, 610, 611, 612, 613, 614, 615, 616, 617, 620, 619, 618, 561, 560, 562, 559, 558, 557, 564, 565, 566, 567, 568, 569, 570, 571, 572, 573, 512, 511, 513, 521, 520, 519, 518, 517, 516, 514, 515, 522, 523, 524, 525, 526, 531, 530, 527, 529, 528, 504, 503, 507, 508, 509, 510, 506, 505, 532, 533, 534, 535, 536, 537, 545, 544, 543, 546, 547, 548, 549, 551, 550, 552, 553, 554, 555, 556, 563, 621, 622, 623, 722, 723, 750, 751, 592, 594, 593, 591, 484, 483, 485, 486, 487, 488, 489, 490, 491, 492, 493, 494, 495, 496, 497, 499, 500, 498, 501, 502, 538, 539, 540, 541, 542, 402]
Tour cost: 447998.5054115165
Difference from optimal: 18.51%
Execution time: 0.12329292297363281 seconds

TSP Name: rl5934
Optimal tour: [2, 2102, 2101, 2100, 1062, 381, 746, 912, 51, 355, 843, 1007, 1196, 1674, 2945, 430, 121, 4270, 256, 4271, 350, 4272, 1016, 4273, 5225, 5224, 5223, 1517, 5440, 1352, 5215, 4269, 1048, 5226, 5385, 5386, 1969, 600, 1970, 601, 1971, 545, 1972, 602, 1973, 568, 1974, 171, 1975, 359, 1976, 27, 1977, 1978, 1979, 1094, 30, 1095, 2845, 5154, 29, 1093, 28, 1092, 3728, 953, 3727, 3726, 360, 3214, 3213, 3212, 4960, 5326, 2087, 3851, 1249, 3753, 5487, 1898, 5129, 1863, 3034, 3033, 3032, 3031, 3721, 3722, 546, 3723, 952, 3724, 569, 3725, 172, 3720, 1967, 5493, 547, 5494, 1054, 5495, 570, 5496, 173, 5497, 5498, 5499, 2787, 553, 2786, 2788, 792, 2789, 835, 2790, 836, 2791, 666, 2792, 65, 2793, 130, 2794, 1210, 135, 1211, 136, 1212, 6, 1213, 137, 1214, 138, 1215, 139, 1216, 140, 1217, 141, 1218, 142, 1219, 143, 1220, 144, 1221, 145, 1222, 146, 1223, 147, 1224, 148, 1225, 1226, 1227, 150, 1228, 151, 1229, 152, 1230, 153, 1231, 154, 1232, 155, 1233, 156, 1234, 157, 1235, 158, 1236, 159, 1237, 160, 1238, 161, 1239, 162, 605, 2010, 478, 2009, 604, 2008, 560, 2007, 603, 2006, 2872, 2871, 2870, 2869, 2868, 2867, 2866, 2865, 2864, 2863, 149, 1998, 1997, 1996, 1995, 1994, 1993, 1992, 1991, 1990, 1989, 1988, 1987, 1986, 1985, 1984, 1983, 2849, 2850, 2851, 2852, 2853, 2854, 2855, 2856, 2857, 2858, 2859, 2860, 2861, 2862, 2808, 2809, 108, 2810, 2811, 2812, 2813, 2970, 2971, 2972, 2973, 2974, 2975, 2976, 2977, 2978, 2625, 1882, 2137, 2277, 4567, 2305, 3249, 2284, 3015, 1745, 2262, 2313, 2249, 2129, 3165, 3658, 2112, 2602, 3894, 405, 1640, 404, 1639, 403, 1638, 402, 1637, 401, 1636, 400, 1635, 399, 1634, 398, 1633, 397, 1632, 396, 1631, 395, 1630, 394, 1629, 1628, 1627, 1626, 1625, 1624, 1623, 1622, 1621, 1620, 1619, 1618, 1617, 1616, 1611, 2991, 2990, 2989, 2988, 2987, 2954, 2955, 2956, 2957, 2958, 2959, 2960, 2961, 2962, 2963, 2964, 2965, 2966, 2967, 2968, 2969, 3003, 3004, 3005, 3006, 3007, 3008, 3009, 3010, 3011, 3012, 3013, 3014, 1281, 196, 1280, 195, 1279, 194, 1278, 193, 1277, 192, 1276, 191, 1275, 190, 1274, 189, 1273, 188, 1272, 187, 1271, 186, 1270, 185, 1269, 184, 1268, 109, 1267, 183, 1266, 182, 1265, 1262, 1891, 3582, 2228, 1746, 3250, 2922, 1445, 3137, 1252, 3237, 1938, 1612, 3939, 1583, 1398, 3218, 4690, 4603, 1072, 2430, 4199, 4170, 1931, 4556, 4804, 4912, 2145, 2153, 1207, 1142, 4986, 5062, 4494, 4067, 3149, 2122, 5155, 5293, 4363, 3729, 4207, 4765, 3744, 5123, 4308, 3215, 1530, 4237, 3982, 4961, 5327, 2088, 3852, 1250, 3754, 1899, 5130, 1864, 3035, 5429, 5489, 4980, 1968, 1670, 3099, 1712, 5414, 2554, 5308, 4651, 5301, 5378, 5349, 5146, 4590, 5387, 5206, 4905, 5142, 5415, 5227, 5908, 4966, 5297, 4274, 5265, 1518, 5441, 1353, 5216, 2103, 1390, 3765, 5274, 1069, 3204, 5251, 2371, 1588, 2420, 5244, 3446, 1128, 1524, 3122, 2909, 3335, 5269, 4177, 1197, 1675, 2946, 5257, 3109, 865, 4895, 1044, 4894, 1043, 4893, 382, 4892, 747, 4891, 913, 4890, 52, 4889, 356, 4888, 4887, 1008, 4886, 122, 4885, 4883, 1198, 4178, 5270, 5271, 5272, 1525, 1129, 3447, 5245, 2421, 1589, 2372, 5252, 5258, 3110, 3205, 1070, 2104, 1391, 283, 1392, 1393, 1394, 5442, 5443, 5444, 351, 1698, 1697, 257, 1696, 1695, 440, 1694, 1693, 439, 1692, 438, 1691, 437, 1690, 1689, 436, 1688, 435, 1687, 1686, 1685, 434, 1684, 433, 1683, 1682, 123, 1681, 1680, 431, 2947, 2948, 2949, 1199, 124, 1200, 3336, 3337, 3338, 357, 3339, 53, 3340, 3341, 3342, 383, 3343, 3344, 3345, 3346, 3347, 3348, 3349, 5217, 5218, 284, 5219, 5220, 5266, 5267, 5416, 5417, 5418, 5419, 4591, 5147, 5148, 5302, 5303, 5149, 2555, 5480, 5481, 5482, 5483, 548, 5484, 1055, 5485, 571, 5486, 3853, 2089, 5328, 4962, 5281, 4238, 4239, 3983, 5124, 5125, 2118, 665, 2119, 2120, 2121, 1925, 1926, 1927, 582, 1928, 583, 1929, 584, 1930, 1933, 4201, 2432, 1074, 1075, 11, 1076, 12, 1077, 13, 1078, 14, 1079, 15, 1080, 16, 1081, 17, 1082, 18, 1083, 19, 1084, 20, 1085, 21, 1086, 22, 1087, 3026, 3027, 3517, 3267, 2681, 2682, 1180, 1185, 1186, 3228, 3223, 3229, 3230, 2746, 2747, 2748, 2749, 2750, 2751, 2752, 2753, 709, 4834, 4833, 4832, 4831, 4830, 4829, 4828, 4827, 4826, 4825, 4824, 4823, 4822, 4821, 4820, 4819, 4818, 4817, 4816, 4815, 4814, 4813, 4812, 4811, 4810, 4809, 4808, 4807, 4806, 2159, 2139, 1206, 1209, 2143, 677, 2144, 2163, 2164, 692, 2165, 2166, 2167, 2168, 2169, 2170, 2171, 2172, 2173, 2174, 2175, 2176, 2177, 2178, 693, 2179, 694, 2180, 695, 2181, 2182, 2183, 696, 2184, 697, 2185, 2186, 654, 5092, 5091, 5090, 5089, 112, 5088, 5087, 5086, 5085, 5084, 5083, 5082, 5081, 5080, 5079, 5078, 5077, 5076, 5075, 5074, 5073, 5072, 10, 5071, 5070, 5069, 5068, 5067, 5066, 5065, 3153, 3152, 4070, 998, 4071, 4072, 134, 4073, 4074, 681, 4075, 4076, 4077, 4078, 4079, 4080, 4081, 4082, 4083, 4084, 4085, 4086, 4087, 4088, 4089, 4090, 4091, 4092, 4093, 4094, 4095, 4096, 4097, 4098, 4099, 4100, 4101, 4102, 4103, 4104, 4105, 4106, 4107, 4108, 4109, 4356, 4355, 4354, 4353, 4352, 4351, 4350, 4349, 4348, 4347, 4346, 4345, 4344, 4343, 4342, 4341, 4340, 4339, 4338, 4337, 4336, 4335, 4334, 4333, 4332, 4331, 4330, 4329, 4328, 4327, 4326, 4325, 4324, 4323, 4322, 4321, 4320, 4319, 4318, 4317, 669, 4316, 1021, 4315, 1020, 4314, 794, 4313, 555, 4312, 4311, 4310, 4309, 4208, 3730, 1874, 4570, 3160, 4470, 3101, 2540, 5295, 5157, 2124, 3151, 4069, 4497, 5064, 1143, 1208, 2154, 2146, 4805, 4557, 1932, 4171, 4200, 2431, 1073, 4604, 4691, 3219, 1399, 1585, 3940, 1613, 1939, 3238, 1253, 3138, 1446, 2923, 3251, 1747, 2229, 3583, 1892, 1264, 3025, 3516, 3266, 2680, 2358, 1187, 4007, 4800, 3231, 2216, 3480, 2093, 3630, 1724, 3668, 2502, 2086, 2386, 2286, 2206, 2192, 2223, 5242, 2768, 3775, 1876, 3236, 2626, 2298, 2138, 2278, 3244, 4568, 2285, 1740, 2263, 2314, 2250, 2130, 3166, 3652, 2113, 2603, 3657, 5025, 480, 5024, 5023, 5022, 5021, 5020, 556, 5019, 699, 5018, 650, 5017, 781, 5016, 943, 5015, 459, 5014, 935, 5013, 653, 5012, 706, 5011, 5010, 819, 5009, 888, 5008, 852, 5007, 180, 5006, 565, 5005, 482, 5004, 313, 5003, 869, 5002, 176, 5001, 589, 5000, 392, 4999, 987, 4998, 286, 4997, 883, 4996, 1038, 4995, 8, 4994, 1003, 4993, 586, 4992, 679, 4991, 688, 4990, 132, 4989, 67, 4988, 5063, 4496, 4068, 3150, 2123, 5156, 5294, 4495, 4987, 66, 4368, 131, 4369, 687, 4370, 678, 4371, 4372, 4373, 7, 4374, 1024, 4375, 4376, 4377, 4378, 4379, 4380, 4381, 4382, 4383, 4384, 481, 4926, 4925, 4924, 312, 868, 4923, 4922, 4921, 4920, 4919, 4918, 4917, 4916, 4915, 4914, 585, 1002, 4913, 4367, 667, 4366, 1023, 4365, 1022, 4364, 3159, 3100, 2539, 4469, 4569, 1873, 3158, 3157, 4468, 2951, 2952, 2953, 2796, 2795, 2797, 2798, 2799, 2800, 2801, 2802, 2803, 2804, 2805, 2806, 2807, 2998, 2997, 2996, 2995, 2994, 2993, 2992, 2999, 3000, 3001, 3002, 1263, 4928, 4927, 179, 851, 4386, 4385, 564, 4387, 818, 4388, 110, 4930, 4929, 4931, 4932, 4933, 4934, 4935, 4936, 4937, 649, 780, 942, 458, 934, 652, 705, 4390, 4391, 4392, 4393, 4394, 4395, 4396, 698, 4938, 4939, 834, 4398, 4399, 4400, 4401, 719, 4942, 4943, 4944, 479, 4402, 3248, 3247, 1881, 559, 1880, 1879, 4397, 4940, 4941, 4945, 662, 4403, 1282, 198, 197, 720, 674, 2302, 2303, 2304, 1743, 477, 1744, 4863, 470, 1735, 469, 1734, 468, 1733, 467, 1732, 466, 1731, 465, 1730, 464, 1729, 463, 1728, 462, 1727, 461, 1726, 460, 1725, 4799, 992, 4798, 4797, 729, 4796, 820, 4795, 889, 4794, 853, 4793, 181, 4792, 566, 4791, 483, 4790, 314, 4789, 870, 4788, 177, 4787, 590, 4786, 393, 4785, 380, 4784, 287, 4783, 884, 4782, 1039, 4781, 9, 4780, 1004, 4779, 587, 4778, 680, 4777, 689, 4776, 133, 4775, 68, 4774, 1028, 4773, 668, 4772, 1042, 4771, 1041, 4770, 793, 4769, 554, 4768, 954, 4767, 1010, 4766, 5488, 1869, 1870, 551, 1871, 552, 1872, 1875, 4571, 4572, 3161, 4471, 3102, 2542, 5296, 5158, 2125, 3154, 4498, 69, 1205, 1202, 2155, 4248, 4247, 4246, 670, 4245, 4244, 4243, 4242, 4241, 4240, 5288, 5289, 5290, 3761, 3760, 3759, 3758, 963, 3757, 962, 3756, 174, 3755, 1251, 5285, 5286, 5287, 361, 5291, 5292, 2541, 3220, 1400, 3941, 1940, 1941, 1254, 1257, 1258, 1259, 1260, 1261, 1088, 2217, 2742, 2094, 655, 2095, 3669, 2084, 2085, 2221, 2222, 3234, 3235, 2754, 2755, 2756, 2757, 4839, 4838, 4837, 4836, 4835, 3773, 3774, 2135, 2136, 4565, 4566, 2282, 2283, 2318, 2319, 2320, 4841, 4840, 2758, 2759, 3892, 3891, 3893, 2261, 2260, 5101, 5100, 5099, 5098, 5097, 5096, 5095, 5094, 5093, 2187, 2188, 2189, 2190, 2191, 5102, 5103, 2364, 111, 2363, 3515, 3265, 4389, 175, 588, 391, 986, 285, 882, 1584, 2848, 2847, 64, 129, 1981, 1982, 1980, 2846, 1999, 2000, 2001, 2002, 2003, 2004, 2005, 1720, 1711, 1710, 450, 1709, 449, 1708, 448, 1707, 447, 1706, 446, 1705, 445, 1704, 444, 1703, 443, 1702, 442, 1701, 441, 1700, 5445, 5446, 5447, 5207, 4909, 4908, 1045, 4907, 4904, 4903, 4902, 4901, 4900, 4899, 4898, 282, 4897, 3, 4896, 1699, 4, 4906, 2, 1, 1947, 1946, 594, 1945, 5768, 593, 5767, 752, 5766, 915, 5765, 57, 5764, 867, 5763, 846, 5762, 127, 5761, 5741, 5760, 5757, 5742, 126, 5743, 845, 5744, 866, 5745, 56, 5746, 914, 5747, 751, 5748, 5749, 5750, 5751, 5752, 5753, 260, 1950, 1949, 1948, 5771, 5772, 5773, 5774, 5775, 5776, 5777, 5778, 5779, 5422, 5390, 5214, 4595, 3093, 1610, 5153, 5384, 5409, 5307, 4975, 1966, 1959, 598, 1958, 390, 1957, 597, 1956, 596, 1955, 595, 1954, 1953, 1952, 1951, 5754, 5755, 5756, 5758, 5759, 1605, 1606, 1607, 1608, 1609, 5152, 5383, 5408, 5306, 4974, 1961, 2557, 5424, 5479, 1370, 5318, 429, 5319, 5320, 550, 3736, 957, 3735, 3737, 958, 3738, 3739, 959, 3740, 651, 5325, 5331, 5324, 5323, 573, 5322, 5321, 1866, 3037, 4985, 5492, 5924, 3734, 1673, 5317, 5132, 5316, 1903, 3849, 2092, 4965, 5284, 5333, 1723, 1534, 1533, 1535, 5128, 1536, 3733, 2117, 3764, 4575, 3164, 4474, 1136, 2545, 3752, 3108, 3107, 864, 3106, 3105, 59, 3750, 3751, 664, 3749, 956, 3748, 961, 3747, 3743, 363, 3742, 457, 3741, 5332, 1371, 1369, 270, 1368, 269, 1367, 268, 1366, 267, 1365, 266, 1364, 265, 1363, 264, 1362, 263, 1361, 262, 1360, 261, 1359, 1601, 1600, 389, 1599, 388, 1598, 1597, 5769, 5770, 1602, 1603, 1604, 1358, 1397, 3769, 3211, 3351, 3116, 2106, 2379, 5264, 1067, 1596, 5256, 5250, 3451, 1133, 1529, 3127, 2426, 1132, 55, 1131, 1528, 54, 1527, 5273, 2912, 1201, 5247, 748, 5248, 5249, 2374, 2375, 2376, 2377, 2378, 3767, 3768, 1396, 1357, 1356, 258, 1355, 881, 5276, 5277, 259, 5278, 1061, 5279, 4275, 5228, 5268, 4198, 5300, 1523, 4971, 5145, 5449, 5344, 4911, 5421, 5389, 5213, 4594, 3092, 5151, 5382, 5407, 5305, 4973, 1960, 2556, 5423, 5478, 3036, 1865, 5131, 5315, 1902, 3848, 2091, 5330, 4964, 5283, 1722, 1532, 3217, 1868, 5127, 3746, 3732, 2116, 3763, 4574, 3163, 4473, 3104, 1135, 2544, 1924, 3156, 4500, 1204, 4218, 4251, 2142, 2158, 2162, 3998, 4562, 2428, 4176, 4206, 3222, 1402, 1587, 4679, 3943, 1615, 1944, 3243, 1256, 3141, 1751, 2225, 3256, 3588, 1897, 1485, 1091, 2210, 2195, 3030, 3520, 3270, 2933, 2686, 1184, 2362, 3227, 5372, 5373, 5374, 658, 5370, 5369, 5368, 5367, 5364, 5365, 5366, 5371, 3674, 2083, 5377, 5376, 647, 5375, 2507, 2220, 2241, 5239, 3772, 3233, 1878, 2273, 2134, 2301, 2307, 4564, 3246, 2107, 2281, 1742, 2259, 2317, 2126, 2297, 4632, 3890, 3656, 2776, 4862, 1885, 1555, 1554, 1553, 1552, 1551, 1550, 373, 1549, 372, 1548, 371, 1547, 370, 1546, 369, 1545, 368, 1544, 367, 1543, 366, 1542, 365, 1541, 364, 1540, 106, 1539, 26, 1538, 1566, 1486, 1452, 317, 1453, 25, 1454, 105, 1455, 318, 1456, 319, 1457, 320, 1458, 321, 1459, 322, 1460, 323, 1461, 324, 1462, 325, 1463, 326, 1464, 327, 1465, 328, 1466, 329, 1467, 330, 1468, 331, 1469, 2634, 2633, 2632, 2631, 2630, 2629, 2293, 2294, 2295, 2296, 4631, 3889, 3655, 2775, 4861, 1884, 2397, 731, 2396, 2395, 2394, 2771, 2772, 2773, 2774, 4715, 4714, 4713, 4712, 5188, 5189, 5190, 5191, 3654, 3888, 4630, 4629, 4628, 4627, 2108, 2109, 2110, 661, 2111, 4860, 1883, 2114, 3653, 3887, 2252, 2248, 2247, 2246, 714, 2245, 557, 2244, 713, 2243, 712, 2242, 2219, 2288, 2388, 2505, 2080, 3671, 2097, 3626, 2743, 3475, 4011, 4801, 3225, 2360, 1182, 2684, 2931, 3268, 3518, 3028, 2193, 2208, 1089, 1894, 567, 1893, 2230, 3252, 1447, 3140, 1255, 3242, 1943, 4677, 288, 4676, 885, 4675, 1037, 4674, 755, 4673, 1005, 4672, 1032, 4671, 4670, 690, 3996, 3995, 675, 3994, 3993, 3992, 989, 3991, 58, 3990, 663, 3989, 955, 3988, 3987, 960, 4662, 4663, 4664, 4665, 4666, 4667, 4668, 4669, 128, 4216, 4217, 4250, 2141, 2157, 2161, 3997, 4561, 4173, 4205, 4606, 4607, 1034, 4608, 4609, 4610, 4611, 4612, 4613, 4614, 4615, 24, 5176, 316, 5175, 5174, 871, 5173, 178, 5172, 592, 5171, 289, 5170, 886, 5169, 5168, 1006, 5167, 5166, 990, 5165, 691, 5164, 676, 5163, 5162, 5161, 5160, 4213, 4214, 4215, 581, 4212, 4211, 4210, 3986, 3985, 456, 362, 4661, 4660, 978, 4659, 572, 4658, 1036, 4657, 549, 5313, 5314, 1901, 3847, 2090, 5329, 4963, 5282, 3984, 1721, 1531, 3216, 1867, 5126, 4209, 3731, 2115, 3762, 4573, 3162, 4472, 3103, 1134, 2543, 5159, 1923, 3155, 4499, 1203, 4249, 2140, 2156, 2160, 4560, 2433, 4204, 4605, 4692, 3221, 1401, 1586, 3942, 1614, 3240, 591, 3241, 3239, 1942, 3139, 2924, 2925, 2926, 2927, 23, 2928, 2929, 2930, 2683, 1181, 2359, 3224, 4008, 4009, 4010, 3478, 3479, 3625, 3629, 3631, 2096, 3670, 2079, 2503, 2504, 2387, 2287, 2218, 5240, 964, 5241, 2769, 3232, 2274, 673, 2275, 2276, 2279, 3245, 2280, 1741, 2258, 2316, 2127, 672, 2128, 3168, 2131, 3167, 2251, 2315, 3169, 3170, 1886, 2312, 2311, 2310, 2309, 2308, 2306, 2300, 2628, 2133, 2272, 1877, 5238, 2207, 2205, 704, 2204, 703, 2203, 645, 2202, 656, 2201, 702, 2200, 2199, 701, 2198, 103, 2197, 700, 2196, 3585, 3584, 1749, 1748, 2226, 2227, 1895, 3586, 1450, 1449, 315, 1448, 4678, 2429, 2427, 4174, 4175, 753, 4693, 4694, 4695, 4696, 4697, 4698, 4699, 4700, 1750, 2224, 3253, 1752, 3587, 1896, 1090, 2209, 2194, 3029, 3519, 3269, 2932, 2685, 1183, 2361, 3226, 4802, 4012, 3476, 2744, 3627, 2098, 3672, 2081, 2506, 2390, 2389, 2391, 2392, 2393, 2292, 2291, 2290, 2289, 2770, 4711, 4710, 4709, 4708, 4707, 4706, 4705, 4704, 4703, 4702, 4701, 5177, 104, 5178, 887, 5179, 833, 5180, 933, 5181, 657, 5182, 646, 5183, 782, 5184, 707, 5185, 5186, 965, 5187, 4626, 4625, 1035, 4624, 4623, 4622, 4621, 4620, 4619, 4618, 4617, 4616, 2240, 3771, 5243, 3770, 2132, 2627, 2299, 4563, 3481, 2215, 2214, 2213, 102, 2212, 2211, 4203, 754, 4202, 4172, 4559, 4558, 1141, 63, 1140, 62, 1139, 61, 1138, 60, 1137, 3745, 1719, 455, 1718, 454, 1717, 453, 1716, 452, 1715, 451, 1714, 1713, 3098, 3097, 863, 3096, 862, 3095, 861, 3094, 5211, 5210, 1058, 5209, 5208, 5143, 4197, 4196, 4195, 4194, 4193, 4192, 4191, 4190, 4189, 4188, 4187, 4186, 4185, 4184, 4183, 4182, 4181, 4180, 125, 4179, 1677, 432, 1676, 1679, 2910, 2911, 844, 3123, 3124, 358, 3125, 3448, 3449, 3206, 3207, 3208, 3209, 1519, 1520, 352, 1521, 1522, 5299, 5298, 4967, 4968, 353, 4969, 4970, 5343, 4910, 5420, 5388, 5212, 4593, 3091, 5150, 5304, 4972, 4652, 4653, 4654, 4655, 4656, 5312, 5311, 5310, 5309, 5406, 5381, 5380, 5410, 5411, 5412, 5413, 1671, 427, 4978, 4979, 4981, 4982, 4977, 4976, 4592, 859, 5348, 5379, 5347, 1059, 5346, 1046, 5345, 5448, 5144, 5909, 5910, 1009, 5911, 354, 5912, 1049, 5913, 1047, 5914, 1060, 5915, 860, 5916, 1056, 5917, 1050, 5918, 5919, 5920, 428, 5921, 5922, 5490, 4983, 5430, 1965, 1964, 599, 1963, 1962, 5425, 5426, 5427, 1051, 5428, 3850, 1900, 1395, 1354, 3210, 3350, 5275, 3766, 2105, 1071, 3111, 5259, 5253, 2373, 1590, 3450, 2422, 5246, 1130, 3126, 1526, 1591, 384, 1592, 385, 1593, 386, 1594, 387, 1595, 3112, 5255, 5254, 2425, 750, 2424, 749, 2423, 5260, 1063, 5261, 5262, 5263, 3114, 5, 3113, 660, 3115, 1068, 5280, 5222, 1672, 5923, 5491, 4984, 5221, 2950, 4884, 1678, 3254, 710, 3255, 1451, 3257, 4803, 4013, 3477, 2745, 3628, 2099, 3673, 2082, 5357, 5358, 708, 2694, 648, 2693, 659, 2692, 823, 2691, 822, 2690, 821, 2689, 107, 2688, 2687, 1537, 2695, 824, 2696, 558, 2697, 722, 2698, 476, 2699, 671, 2700, 721, 2701, 825, 2702, 1, 31, 925, 5929, 5930, 3615, 3616, 3614, 1348, 254, 1347, 3900, 307, 3899, 3827, 5391, 4724, 1351, 4871, 5864, 3521, 3522, 3523, 5870, 5869, 924, 3904, 984, 3903, 255, 3902, 3901, 4649, 4589, 4588, 778, 4587, 4650, 1431, 3906, 4648, 1096, 5688, 3617, 3305, 3333, 2546, 2231, 3589, 3363, 4857, 5853, 1107, 3717, 3400, 5857, 5933, 2270, 5887, 5934, 5932, 36, 5931, 2271, 2370, 2385, 2253, 3858, 1117, 3444, 5876, 4580, 1126, 3494, 3694, 4601, 4881, 4026, 2726, 3182, 5896, 4602, 919, 50, 3692, 3693, 4599, 4600, 4882, 4880, 3183, 4879, 4878, 873, 3179, 872, 3178, 3180, 831, 3181, 4025, 4024, 4023, 3688, 4576, 5877, 3445, 3859, 2255, 1118, 2380, 5861, 2365, 3402, 2235, 2234, 3594, 2265, 38, 3716, 3715, 3714, 3710, 3365, 4850, 4855, 4856, 4859, 5855, 1109, 3719, 2368, 730, 2369, 2383, 2384, 2254, 716, 5890, 44, 5891, 910, 5892, 1066, 5893, 1033, 5894, 5895, 3691, 4579, 5889, 1065, 5888, 3593, 37, 3592, 3591, 2232, 901, 2547, 3334, 3306, 5689, 1097, 3524, 5925, 5865, 4872, 3610, 4725, 5392, 3828, 1343, 1432, 3895, 4643, 2501, 4583, 5398, 4014, 1661, 3409, 1179, 3618, 3566, 3978, 5450, 1581, 2065, 3886, 1188, 5061, 3808, 5462, 2412, 2914, 5501, 4634, 3609, 5052, 4150, 3834, 5520, 3845, 3542, 1664, 4253, 5668, 3877, 4230, 4277, 2356, 3504, 1837, 3916, 5706, 1795, 4298, 2592, 3326, 5726, 5781, 4476, 3467, 5885, 4687, 5800, 1861, 3636, 3050, 5906, 3779, 3706, 3913, 5633, 4227, 5536, 4301, 3425, 5599, 4006, 5569, 4035, 5651, 3506, 5554, 3685, 2538, 5617, 3284, 5586, 2729, 3362, 4512, 3297, 1389, 3016, 3860, 3372, 3665, 2934, 2814, 2677, 2514, 4144, 2529, 2600, 2717, 3312, 1487, 3944, 3067, 1301, 2897, 2878, 1441, 5235, 3089, 2445, 2907, 2985, 1654, 5820, 2777, 1148, 3276, 1567, 3938, 3930, 3534, 2558, 2767, 2823, 2521, 5846, 2882, 3434, 3117, 4733, 1904, 2147, 3132, 2651, 3142, 1888, 3263, 4865, 163, 1240, 1241, 164, 1242, 165, 1243, 166, 1244, 167, 1245, 168, 1246, 169, 1247, 170, 1248, 3543, 3544, 3545, 3546, 3554, 3555, 3556, 3557, 344, 3558, 3559, 783, 3560, 837, 3561, 930, 3562, 281, 3563, 896, 3564, 3565, 3361, 2728, 5585, 3283, 5616, 2537, 3684, 5553, 3505, 5650, 4034, 5568, 4005, 5598, 3424, 4300, 5535, 4226, 5632, 3912, 3705, 5797, 542, 2043, 2045, 627, 2046, 628, 2047, 629, 2048, 630, 2049, 631, 2050, 512, 2051, 632, 2052, 633, 2053, 419, 2054, 634, 2055, 635, 2056, 636, 2057, 637, 2058, 638, 2059, 639, 2060, 640, 2061, 120, 2062, 641, 2063, 2064, 1195, 2921, 4633, 3608, 5051, 4149, 3833, 5519, 3844, 3541, 1663, 4252, 5667, 3876, 4229, 4276, 2355, 3503, 1836, 3915, 5705, 1794, 4297, 2591, 3325, 5725, 5780, 4475, 3466, 2401, 4532, 5884, 4686, 5799, 5798, 2044, 2042, 626, 2041, 625, 2040, 624, 2039, 623, 2038, 622, 2037, 621, 2036, 620, 2035, 619, 2034, 618, 2033, 617, 2032, 616, 2031, 615, 2030, 614, 2029, 280, 2028, 613, 2027, 612, 2026, 611, 2025, 5351, 5352, 5439, 214, 5438, 310, 5437, 5436, 415, 5435, 73, 5434, 2020, 2021, 2022, 610, 2023, 2024, 2019, 2018, 2017, 609, 2016, 608, 2015, 574, 2014, 607, 2013, 561, 2012, 606, 2011, 5431, 5432, 5433, 3547, 1653, 1652, 1651, 374, 1650, 414, 1649, 413, 1648, 412, 1647, 411, 1646, 410, 1645, 409, 1644, 408, 1643, 407, 1642, 406, 1641, 1283, 199, 1284, 200, 1285, 201, 1286, 202, 1287, 203, 1288, 204, 1289, 205, 1290, 206, 1291, 207, 1292, 208, 1293, 1294, 1295, 209, 1296, 210, 1297, 211, 1298, 212, 1299, 213, 1300, 1382, 274, 1383, 275, 1384, 276, 1385, 277, 1386, 278, 1387, 279, 1388, 4754, 4753, 4752, 4751, 4750, 4749, 4748, 4747, 4746, 4745, 4744, 4743, 4742, 4741, 4740, 4739, 4738, 4737, 4736, 4735, 4734, 4950, 4949, 575, 682, 4407, 4408, 4409, 4410, 4411, 4412, 4413, 3936, 3935, 3937, 5035, 5034, 2612, 2613, 2614, 2615, 2616, 2617, 2618, 2619, 2620, 2601, 4145, 2515, 2678, 2815, 2936, 849, 2937, 2938, 2939, 5587, 2940, 3285, 2530, 5618, 4760, 3686, 5555, 3507, 5652, 4036, 3999, 2738, 5571, 2574, 5600, 3426, 4302, 4228, 5634, 3914, 3707, 3780, 5907, 3051, 3637, 1862, 5801, 4688, 5886, 3199, 3383, 3820, 5141, 4537, 3468, 4477, 5782, 3316, 5727, 5547, 4290, 5546, 4296, 5707, 3917, 1838, 3496, 2357, 4278, 4232, 3878, 5669, 3837, 3535, 4254, 1665, 5521, 3835, 4152, 999, 4153, 848, 4154, 740, 4155, 894, 4156, 1000, 4157, 1001, 4158, 113, 4159, 379, 4160, 4161, 4162, 4163, 4164, 5399, 5400, 5401, 3821, 4722, 1040, 4723, 4732, 3611, 4873, 5866, 5926, 3525, 1099, 33, 1100, 1101, 1105, 1106, 1111, 39, 1112, 1115, 42, 1116, 1119, 45, 1120, 46, 1121, 1124, 49, 1125, 3492, 3493, 3491, 3490, 3489, 3488, 3856, 3857, 5697, 911, 5698, 47, 5699, 946, 5700, 828, 5701, 5702, 2725, 830, 2724, 2723, 5696, 40, 3442, 3443, 3441, 5695, 2550, 2549, 3482, 3304, 3307, 3486, 3303, 4064, 5691, 5692, 5693, 5694, 3301, 4065, 3526, 5927, 5867, 4870, 4869, 4867, 1512, 4720, 1345, 3822, 5403, 5459, 3896, 1424, 4644, 2497, 2496, 2494, 4165, 5472, 5473, 5471, 5470, 96, 5469, 376, 5468, 982, 5467, 115, 5466, 970, 5465, 4460, 5792, 5793, 5737, 742, 5736, 5735, 5734, 5733, 5732, 5731, 5730, 5785, 975, 927, 4280, 4281, 4282, 1017, 4283, 4284, 1018, 4285, 4286, 4490, 4489, 741, 4488, 4487, 4486, 4485, 4484, 4483, 4482, 4481, 728, 4480, 2354, 4279, 5786, 5787, 5788, 5789, 973, 5790, 5791, 422, 1666, 5522, 5523, 5524, 5525, 1026, 5526, 5527, 116, 5528, 983, 5529, 377, 5530, 3980, 1172, 3620, 3619, 3621, 906, 3622, 3623, 3328, 3436, 3483, 5848, 4852, 1102, 3711, 3369, 3579, 2551, 2237, 3403, 3440, 908, 3439, 4874, 3612, 5396, 4730, 4729, 4017, 252, 4063, 348, 5394, 5395, 4719, 1344, 5402, 5457, 5458, 5456, 5455, 5454, 5453, 5452, 1582, 5451, 2066, 3885, 5060, 5059, 5054, 5463, 4459, 4052, 3287, 4053, 997, 4054, 969, 4055, 114, 4056, 981, 4057, 375, 4058, 4059, 4060, 4061, 4062, 418, 905, 988, 1580, 1579, 3879, 1189, 3809, 2414, 2916, 5503, 4636, 5045, 5050, 3291, 4151, 5053, 4635, 5502, 2915, 2413, 3293, 4051, 4458, 4457, 893, 4456, 739, 4455, 847, 4454, 4453, 3605, 932, 3606, 3607, 421, 3540, 3846, 3843, 3842, 926, 3841, 3539, 3604, 931, 3603, 727, 3602, 920, 3502, 3501, 4299, 2590, 2593, 3324, 3323, 4536, 4535, 4534, 2587, 815, 2586, 814, 2585, 544, 5541, 5542, 5543, 5544, 5545, 2589, 2588, 4444, 4443, 4442, 4441, 4440, 4439, 4438, 4437, 4436, 4435, 4434, 4433, 4432, 4431, 4430, 4429, 4428, 4427, 4426, 4425, 4424, 4423, 4422, 4421, 4420, 4419, 4418, 4417, 4416, 4415, 4414, 1758, 1757, 4956, 4955, 4954, 4953, 4952, 4951, 4948, 4947, 4946, 562, 4406, 4405, 1025, 4404, 5026, 5027, 5028, 563, 2606, 2605, 816, 2604, 4866, 4864, 3264, 1889, 3143, 2652, 3133, 2149, 3432, 3433, 3435, 3428, 1800, 1796, 1801, 517, 1802, 518, 1803, 1804, 1805, 1806, 75, 1807, 1808, 1809, 1810, 1811, 1812, 346, 2832, 2831, 2830, 2829, 2828, 2827, 2826, 2825, 2824, 1908, 579, 1907, 578, 1906, 577, 1905, 2148, 2607, 2608, 2609, 2610, 2611, 5033, 5032, 5031, 5030, 5029, 576, 683, 1736, 4357, 4358, 4359, 4112, 4113, 4114, 4115, 4116, 4117, 4118, 271, 4119, 4120, 4121, 4122, 311, 4123, 215, 4124, 4125, 2598, 2599, 3663, 3664, 3415, 3416, 3417, 3418, 3419, 3420, 3421, 3422, 2343, 2342, 2341, 2340, 2339, 2338, 2337, 2451, 2452, 2453, 2454, 2455, 2456, 2457, 1856, 1855, 1854, 1853, 1852, 1851, 1850, 4510, 4511, 3042, 3043, 3044, 3045, 3046, 3047, 3048, 3049, 3052, 3053, 854, 3054, 3055, 3056, 3057, 855, 3058, 856, 3059, 3060, 5729, 5728, 3469, 2466, 2465, 2464, 2463, 2462, 2461, 2347, 2348, 2349, 2350, 724, 2351, 725, 2352, 4478, 3818, 3817, 3816, 3815, 3814, 5905, 5904, 3911, 4304, 4303, 3427, 3423, 2344, 2345, 2346, 2460, 2459, 2458, 1857, 541, 1858, 1859, 1860, 5883, 5137, 5138, 5139, 5783, 5784, 2353, 4479, 5644, 5645, 1835, 539, 1834, 538, 1833, 537, 1832, 536, 1831, 535, 1830, 534, 1829, 533, 1828, 532, 1827, 531, 1826, 530, 1825, 529, 1824, 1823, 528, 1822, 527, 1821, 526, 1820, 525, 1819, 524, 1818, 523, 1817, 522, 1816, 521, 1815, 520, 1814, 519, 1813, 2834, 2835, 2836, 2837, 2838, 2839, 2840, 4513, 3298, 3017, 3353, 3862, 3374, 3667, 1918, 1917, 1916, 1915, 1914, 1913, 1912, 1911, 1910, 1909, 5036, 5037, 5038, 5039, 3548, 2908, 2446, 3090, 5236, 1442, 2879, 2898, 1302, 3068, 3945, 1488, 3313, 2718, 2522, 2527, 2528, 3666, 3373, 3861, 3352, 3358, 3359, 3360, 2730, 2731, 2732, 2733, 2734, 2735, 2736, 2737, 5570, 2578, 808, 2579, 809, 2580, 810, 2581, 811, 2582, 812, 2583, 813, 2584, 5540, 5539, 5538, 5537, 4004, 804, 4003, 2536, 2535, 2935, 486, 1767, 485, 1766, 484, 1765, 345, 1764, 1763, 1762, 1761, 1760, 1759, 74, 1377, 1378, 1379, 1380, 1381, 1376, 1768, 487, 1769, 488, 1770, 489, 1771, 490, 1772, 491, 1773, 492, 1774, 493, 1775, 494, 1776, 495, 1777, 496, 1778, 497, 1779, 498, 1780, 499, 1781, 500, 1782, 501, 1783, 502, 1784, 503, 1785, 504, 1786, 505, 1787, 506, 1788, 507, 1789, 508, 1790, 509, 1791, 510, 1792, 511, 1793, 4449, 4448, 4447, 4446, 4445, 540, 4450, 4451, 4452, 4231, 3597, 5643, 5642, 5641, 5640, 5639, 5638, 5637, 5636, 5635, 4225, 4224, 4223, 4219, 4136, 4135, 4134, 4133, 4132, 4131, 4130, 4129, 4128, 4127, 4126, 2336, 2450, 1849, 4509, 4508, 1848, 2449, 2335, 5118, 5117, 5116, 5115, 5114, 5113, 5112, 5111, 5110, 5109, 5108, 5107, 5106, 2323, 723, 2324, 514, 2325, 2326, 2327, 2328, 2329, 2330, 2331, 2332, 2333, 2334, 2448, 2447, 2444, 2443, 2442, 2441, 2440, 2439, 2438, 2520, 4846, 4845, 4844, 684, 2322, 471, 2321, 4842, 4843, 2761, 2760, 3261, 3262, 3144, 3145, 3118, 2883, 2884, 3083, 3084, 756, 2766, 2765, 784, 2764, 2763, 2762, 3085, 3086, 76, 3087, 3088, 4507, 1847, 1846, 1845, 1844, 3275, 3274, 5105, 5104, 4110, 4111, 2833, 4755, 4756, 4757, 4758, 4759, 4518, 791, 4517, 892, 4516, 832, 4515, 900, 4514, 944, 4519, 921, 4520, 994, 4521, 1029, 4522, 991, 4523, 907, 4524, 1019, 4525, 1011, 4526, 985, 4527, 950, 4528, 543, 4529, 1030, 4530, 1031, 4531, 2402, 733, 2403, 734, 2404, 735, 2405, 513, 2406, 726, 2407, 736, 2408, 420, 2409, 737, 2410, 738, 2411, 2418, 2913, 2920, 5500, 2419, 4642, 4641, 3292, 4050, 4731, 1516, 3590, 3364, 4858, 5854, 1108, 3718, 3401, 5858, 2264, 2268, 2269, 5860, 718, 5859, 2233, 5856, 5852, 5851, 3576, 32, 3575, 3331, 3327, 5690, 3332, 2548, 5847, 4851, 3366, 3367, 3368, 3578, 1110, 3577, 2236, 1098, 1515, 349, 1514, 5393, 3826, 3825, 1428, 1427, 251, 3573, 3572, 779, 3571, 3570, 3569, 3568, 101, 904, 417, 3567, 3574, 1511, 4726, 3487, 4727, 4018, 4016, 4015, 1662, 3410, 1178, 1177, 1171, 3979, 2067, 1574, 3880, 1190, 3810, 5055, 5464, 3875, 3874, 3061, 4533, 3198, 3382, 3819, 5140, 4581, 4582, 3905, 3907, 5871, 5872, 715, 5873, 43, 5874, 909, 5875, 1127, 3175, 4020, 3495, 4875, 4596, 5897, 2727, 31, 34, 2075, 644, 2074, 643, 2073, 3395, 3396, 3397, 3398, 711, 3399, 2076, 253, 3394, 3393, 3408, 5531, 2068, 2069, 97, 2070, 642, 2071, 1659, 1660, 1655, 3404, 1173, 3977, 3981, 3976, 3972, 1575, 3881, 1191, 5720, 968, 5719, 1027, 5718, 743, 5717, 1052, 5716, 974, 5715, 5714, 5713, 5712, 5711, 5710, 5709, 5708, 4291, 5548, 3317, 3470, 2467, 4538, 2472, 764, 2473, 765, 2474, 766, 2475, 767, 2476, 768, 2477, 769, 2478, 770, 2479, 771, 2480, 424, 2481, 772, 2482, 5505, 744, 5678, 5677, 5676, 5675, 1013, 5674, 929, 5673, 977, 5672, 4233, 3870, 3063, 3598, 3497, 5646, 3918, 3919, 857, 3920, 979, 3921, 4256, 425, 4257, 1014, 4258, 1015, 4259, 4260, 4261, 4262, 4263, 4264, 4265, 5684, 5683, 5682, 5681, 117, 5508, 5509, 5510, 5511, 5512, 5513, 5514, 5515, 416, 2491, 776, 2490, 2489, 2488, 2487, 775, 2486, 2485, 774, 2484, 773, 2483, 5506, 5507, 5680, 5679, 378, 98, 2492, 777, 2493, 2495, 4166, 5474, 2072, 3807, 3806, 3802, 4461, 5794, 5738, 3288, 4491, 2415, 4287, 2917, 5504, 4637, 5046, 3836, 5816, 5815, 5814, 5813, 5812, 5811, 976, 928, 1012, 423, 3831, 3832, 5671, 3318, 3471, 2468, 3384, 3200, 5133, 5880, 4685, 971, 4684, 937, 4680, 4683, 3782, 5901, 3709, 3704, 949, 3703, 805, 3702, 948, 3701, 3700, 922, 3699, 3698, 945, 5621, 5620, 2531, 3282, 838, 3281, 3277, 3299, 3018, 3354, 3378, 3377, 3376, 3375, 3411, 3863, 3864, 3865, 2819, 2941, 5588, 3038, 2818, 2817, 2816, 2513, 2512, 4501, 2880, 1443, 5234, 5229, 2906, 2905, 2900, 5821, 2778, 2779, 1839, 1149, 2780, 2781, 2899, 1303, 5119, 3069, 3946, 1489, 3314, 2621, 2594, 2719, 2523, 2508, 1919, 4146, 2679, 3659, 3679, 850, 3680, 890, 3681, 839, 3682, 788, 5590, 5589, 2942, 2820, 3866, 3278, 3300, 3019, 3355, 3379, 3412, 3675, 2676, 5202, 2566, 797, 2567, 798, 2568, 799, 2569, 800, 2570, 789, 2571, 2572, 3509, 5655, 995, 5656, 5654, 4762, 2842, 3695, 2532, 3039, 3022, 3021, 3020, 3296, 3951, 891, 3952, 840, 3953, 790, 3954, 801, 3955, 923, 3956, 3957, 3958, 3959, 3960, 3961, 3962, 3963, 3964, 761, 3965, 917, 3966, 898, 3967, 858, 3968, 980, 3969, 3839, 3922, 3537, 1668, 3829, 5817, 5047, 4638, 2918, 4288, 2416, 4492, 3289, 5739, 5795, 4462, 3803, 5056, 5722, 1192, 3882, 1576, 3973, 5685, 5532, 4266, 1174, 3405, 1656, 3390, 5516, 5475, 4167, 2498, 4584, 4645, 1425, 3897, 5460, 5404, 3823, 1346, 3329, 3437, 3484, 5849, 4853, 1103, 3712, 3370, 3580, 2552, 2077, 2238, 3595, 2266, 2366, 5862, 2381, 1113, 3854, 2256, 5878, 4577, 1122, 3689, 2721, 3176, 4021, 4876, 4597, 5898, 5703, 3302, 4066, 3527, 5928, 5868, 3624, 3613, 5397, 4868, 1513, 4728, 4019, 4721, 1341, 250, 1340, 249, 1339, 248, 1338, 99, 1337, 247, 1336, 118, 1335, 246, 1334, 245, 1333, 244, 1332, 243, 1331, 242, 1330, 241, 1329, 240, 1328, 239, 1327, 238, 1326, 237, 1325, 4294, 5551, 5614, 3321, 3474, 2471, 4541, 5583, 5665, 3386, 3202, 5135, 5882, 5567, 5631, 3813, 3640, 4682, 3784, 5903, 5597, 5839, 5838, 4040, 3459, 807, 4039, 4033, 4032, 802, 3457, 3458, 3191, 3190, 3189, 3188, 3187, 874, 3186, 1921, 2510, 2525, 3184, 2596, 2623, 2713, 4140, 2668, 2715, 2716, 3308, 5121, 4505, 2649, 2672, 2784, 2874, 5232, 2892, 3552, 5043, 2903, 1152, 1435, 1572, 1374, 1755, 3273, 4959, 3934, 3531, 2437, 3082, 2888, 2519, 3926, 4849, 5843, 1799, 3121, 3148, 3431, 2152, 4362, 3136, 4718, 2400, 1739, 3174, 3260, 475, 2703, 732, 2704, 826, 2705, 686, 2706, 516, 2707, 827, 2708, 787, 2709, 70, 2710, 2711, 2712, 1756, 1375, 1573, 1436, 1843, 2982, 2904, 5044, 3553, 2893, 5233, 2875, 2785, 2673, 2650, 4506, 5122, 3309, 2669, 4141, 2714, 2624, 2597, 2526, 2511, 1922, 3185, 5205, 3662, 3678, 4028, 3453, 3414, 3381, 3357, 3295, 3280, 3868, 2822, 2944, 3024, 3041, 3078, 2534, 3697, 2844, 4764, 5360, 803, 5361, 1064, 5362, 4002, 2741, 3514, 2577, 4139, 4222, 5354, 936, 5355, 5356, 4307, 3910, 5840, 3776, 3777, 3778, 3785, 3786, 3787, 3788, 3789, 3790, 903, 763, 3644, 3645, 236, 1404, 290, 1405, 291, 1406, 292, 1407, 293, 1408, 294, 1409, 295, 1410, 296, 1411, 297, 1412, 298, 1413, 299, 1414, 300, 1415, 301, 1416, 302, 1417, 119, 1418, 303, 1419, 100, 1420, 304, 1421, 305, 1422, 306, 1423, 1430, 4647, 1429, 4586, 2500, 4169, 5477, 5518, 3392, 1658, 3407, 1176, 4268, 5534, 5687, 3975, 1578, 3884, 1194, 5724, 5058, 3805, 4466, 3130, 3131, 4465, 4467, 4464, 745, 3129, 4640, 4555, 5049, 3800, 3801, 426, 3799, 3797, 940, 3796, 3795, 3798, 3651, 3650, 3649, 3648, 3647, 3646, 3791, 3792, 3793, 3794, 5819, 4552, 4553, 4554, 1937, 1936, 1935, 1934, 4549, 4548, 4547, 4546, 4545, 902, 4544, 4543, 4542, 5584, 5666, 5136, 1169, 95, 1168, 94, 1167, 93, 1166, 92, 1165, 91, 1164, 90, 1163, 89, 1162, 88, 1161, 87, 1160, 86, 1159, 85, 1158, 84, 1157, 83, 1156, 82, 1155, 81, 1154, 80, 1153, 1170, 1147, 72, 1146, 71, 1145, 1144, 1842, 2981, 5825, 842, 5826, 841, 5827, 817, 5828, 1053, 5829, 5830, 3072, 3071, 4504, 2648, 2647, 2646, 2645, 1480, 341, 1481, 342, 1482, 343, 1483, 217, 2666, 2665, 2664, 2663, 2662, 1479, 79, 273, 2644, 1571, 1570, 1565, 1564, 1563, 1562, 1561, 1560, 1559, 1558, 1557, 1556, 2635, 2636, 2637, 2638, 2639, 2640, 2641, 2642, 2643, 1478, 340, 1477, 339, 1476, 338, 1475, 337, 1474, 336, 1473, 335, 1472, 334, 1471, 333, 1470, 332, 3259, 3173, 1738, 2399, 2398, 474, 4717, 2654, 3135, 4361, 2151, 3430, 3147, 3120, 1798, 5842, 4848, 3925, 2518, 2887, 3081, 2436, 3530, 3933, 4958, 3272, 1569, 1754, 1373, 1434, 1151, 1841, 2980, 5823, 2902, 5042, 3551, 2891, 5231, 2873, 2783, 2671, 4503, 1304, 5120, 3070, 3947, 3948, 347, 3315, 2622, 2595, 2720, 2524, 2509, 1920, 4147, 5203, 3660, 3676, 3413, 3380, 3356, 3294, 3279, 3867, 2821, 2943, 3023, 3040, 2533, 3696, 2843, 4763, 2573, 3510, 3511, 3512, 3513, 2576, 4138, 4221, 4306, 3909, 5596, 5902, 3783, 4681, 3639, 3812, 5630, 5566, 5881, 5134, 3201, 3385, 5664, 5582, 4540, 2470, 3473, 3320, 5613, 5550, 4293, 1508, 5648, 3499, 3600, 3065, 3872, 4235, 3970, 1509, 1323, 234, 1322, 233, 1321, 232, 1320, 231, 1319, 230, 1318, 229, 1317, 228, 1316, 227, 1315, 226, 1314, 225, 1313, 224, 1312, 223, 1311, 222, 1310, 221, 1309, 220, 1308, 219, 1307, 218, 1306, 1305, 1484, 1491, 1490, 2667, 1492, 1493, 1494, 1495, 1496, 1497, 1498, 1499, 1500, 1501, 1502, 1503, 1504, 1505, 1506, 1507, 1342, 235, 4048, 4047, 918, 4046, 4045, 4044, 4043, 4042, 4041, 3460, 3461, 3462, 3463, 3464, 3465, 762, 3389, 3388, 3387, 3203, 3197, 879, 3196, 878, 3195, 877, 3194, 876, 3193, 875, 3192, 3632, 3633, 3634, 3635, 3641, 3642, 939, 3643, 1403, 3322, 5615, 5552, 4295, 1324, 4049, 1510, 5649, 3500, 3601, 3066, 3873, 4236, 3971, 3923, 3840, 3538, 1669, 3830, 5818, 5048, 4639, 2919, 4289, 2417, 4493, 3290, 5740, 5796, 4463, 3804, 5057, 5723, 1193, 3883, 1577, 3974, 5686, 5533, 4267, 1175, 3406, 1657, 3391, 5517, 5476, 4168, 2499, 4585, 4646, 1426, 3898, 5461, 5405, 3824, 1349, 5335, 899, 5336, 35, 5337, 41, 5338, 717, 5339, 48, 5340, 947, 5341, 829, 5342, 993, 4022, 4877, 4598, 5899, 5704, 3177, 2722, 3690, 1123, 4578, 5879, 2257, 3855, 1114, 2382, 5863, 2367, 2267, 3596, 2239, 2078, 2553, 3581, 3371, 3713, 1104, 4854, 5850, 3485, 3438, 3330, 5334, 1350, 4551, 4550, 3128, 5353, 5363, 5359, 5350, 3456, 3455, 3454, 3452, 4027, 3677, 3661, 5204, 4148, 4143, 580, 4142, 3311, 3310, 5831, 5832, 3074, 3073, 3075, 3076, 3077, 5835, 5836, 996, 5837, 5834, 5833, 4030, 4031, 4029, 5824, 2661, 2660, 2659, 2658, 2657, 2656, 2655, 4716, 473, 5192, 685, 5193, 515, 5194, 1057, 5195, 786, 5196, 758, 5197, 2561, 2560, 272, 78, 2562, 5198, 5199, 5200, 5201, 216, 2565, 796, 2564, 795, 2563, 2876, 2877, 3949, 941, 3950, 895, 4038, 4001, 2740, 5573, 806, 5574, 5657, 5602, 5603, 5604, 5605, 5606, 5607, 5608, 760, 5609, 916, 5610, 897, 5611, 5549, 4292, 5612, 3319, 3472, 2469, 4539, 5580, 5581, 5579, 880, 5578, 972, 938, 5577, 5576, 967, 5659, 5660, 5661, 5662, 5663, 5565, 5564, 5563, 5562, 966, 5561, 5595, 5594, 5560, 5559, 5558, 5557, 3683, 5591, 5592, 5593, 5658, 5575, 5647, 3498, 3599, 3064, 3871, 4234, 4689, 5629, 5628, 5627, 951, 5626, 5625, 5624, 5623, 5622, 5619, 3286, 2841, 4761, 3687, 5556, 3508, 5653, 4037, 4000, 2739, 5572, 2575, 4137, 4220, 5601, 4305, 3908, 3708, 5900, 3781, 3638, 3811, 5803, 5802, 5804, 5805, 5806, 5807, 5808, 5809, 5810, 3062, 3869, 5670, 3838, 3536, 4255, 1667, 5721, 759, 2896, 2895, 2894, 2889, 3549, 5040, 2986, 2984, 2983, 1372, 1753, 1568, 3271, 4957, 3932, 2559, 3529, 2435, 3080, 2886, 2517, 3924, 4847, 5841, 1797, 3119, 3146, 3429, 2150, 4360, 3134, 2653, 1737, 3172, 3258, 472, 1887, 1890, 3171, 5844, 5845, 2516, 2885, 3079, 3532, 3528, 2434, 3533, 3931, 3929, 757, 3928, 785, 3927, 1437, 77, 1438, 308, 1439, 309, 1440, 1444, 2881, 4502, 2675, 2674, 2670, 2782, 5230, 2890, 3550, 5041, 2901, 5822, 2979, 1840, 1150, 1433, 5237, 34]
Tour cost: 685378.4796028237
Difference from optimal: 23.26%
Execution time: 3.289654016494751 seconds

Total Execution Time: 3.446974277496338 seconds
